-1.1693709 -0.10471974 0.0 0.0 0.0 0.0 0.0 0.0 0.0 0.0 0.0 0.0 0.0 0.0 0.0 0.0 0.0 0.0 0.0 0.0 0.0 0.0 0.0 0.0 0.0 0.0 0.0 0.0 0.0 0.0 0.0 0.0 0.0 0.0 0.0 0.0 0.0 0.0 0.0 0.0 
0.034906443 -0.10471974 0.0 0.0 0.0 0.0 0.0 0.0 0.0 0.0 0.0 0.0 0.0 0.0 0.0 0.0 0.0 0.0 0.0 0.0 0.0 0.0 0.0 0.0 0.0 0.0 0.0 0.0 0.0 0.0 0.0 0.0 0.0 0.0 0.0 0.0 0.0 0.0 0.0 0.0 
1.2391837 -0.15707962 0.0 0.0 0.0 0.0 0.0 0.0 0.0 0.0 0.0 0.0 0.0 0.0 0.0 0.0 0.0 0.0 0.0 0.0 0.0 0.0 0.0 0.0 0.0 0.0 0.0 0.0 0.0 0.0 0.0 0.0 0.0 0.0 0.0 0.0 0.0 0.0 0.0 0.0 
-0.13962665 -0.017453285 0.0 0.0 0.0 0.0 0.0 0.0 0.0 0.0 0.0 0.0 0.0 0.0 0.0 0.0 0.0 0.0 0.0 0.0 0.0 0.0 0.0 0.0 0.0 0.0 0.0 0.0 0.0 0.0 0.0 0.0 0.0 0.0 0.0 0.0 0.0 0.0 0.0 0.0 
-0.13962665 -0.017453285 0.017453292 -1.6755162 0.0 0.0 0.0 0.0 0.0 0.0 0.0 0.0 0.0 0.0 0.0 0.0 0.0 0.0 0.0 0.0 0.0 0.0 0.0 0.0 0.0 0.0 0.0 0.0 0.0 0.0 0.0 0.0 0.0 0.0 0.0 0.0 0.0 0.0 0.0 0.0 
-0.13962665 -0.017453285 -1.064651 -1.6231563 0.0 0.0 0.0 0.0 0.0 0.0 0.0 0.0 0.0 0.0 0.0 0.0 0.0 0.0 0.0 0.0 0.0 0.0 0.0 0.0 0.0 0.0 0.0 0.0 0.0 0.0 0.0 0.0 0.0 0.0 0.0 0.0 0.0 0.0 0.0 0.0 
-0.13962665 -0.017453285 -1.064651 -1.6231563 1.4137169 2.0071294 0.0 0.0 0.0 0.0 0.0 0.0 0.0 0.0 0.0 0.0 0.0 0.0 0.0 0.0 0.0 0.0 0.0 0.0 0.0 0.0 0.0 0.0 0.0 0.0 0.0 0.0 0.0 0.0 0.0 0.0 0.0 0.0 0.0 0.0 
-0.13962665 -0.017453285 -1.064651 -1.6231563 1.4137169 2.0071294 -1.6929699 2.1991153 0.0 0.0 0.0 0.0 0.0 0.0 0.0 0.0 0.0 0.0 0.0 0.0 0.0 0.0 0.0 0.0 0.0 0.0 0.0 0.0 0.0 0.0 0.0 0.0 0.0 0.0 0.0 0.0 0.0 0.0 0.0 0.0 
-0.13962665 -0.017453285 -1.064651 -1.6231563 1.4137169 2.0071294 -0.2618066 0.75049096 0.0 0.0 0.0 0.0 0.0 0.0 0.0 0.0 0.0 0.0 0.0 0.0 0.0 0.0 0.0 0.0 0.0 0.0 0.0 0.0 0.0 0.0 0.0 0.0 0.0 0.0 0.0 0.0 0.0 0.0 0.0 0.0 
-0.13962665 -0.017453285 -1.064651 -1.6231563 1.4137169 2.0071294 -0.2618066 0.75049096 -0.34906524 -2.530727 0.0 0.0 0.0 0.0 0.0 0.0 0.0 0.0 0.0 0.0 0.0 0.0 0.0 0.0 0.0 0.0 0.0 0.0 0.0 0.0 0.0 0.0 0.0 0.0 0.0 0.0 0.0 0.0 0.0 0.0 
-0.13962665 -0.017453285 -1.064651 -1.6231563 1.4137169 2.0071294 -0.2618066 0.75049096 -1.4311697 -1.9373151 0.0 0.0 0.0 0.0 0.0 0.0 0.0 0.0 0.0 0.0 0.0 0.0 0.0 0.0 0.0 0.0 0.0 0.0 0.0 0.0 0.0 0.0 0.0 0.0 0.0 0.0 0.0 0.0 0.0 0.0 
-0.13962665 -0.017453285 -1.064651 -1.6231563 1.4137169 2.0071294 -0.2618066 0.75049096 -1.4311697 -1.9373151 4.101523 1.7627836 0.0 0.0 0.0 0.0 0.0 0.0 0.0 0.0 0.0 0.0 0.0 0.0 0.0 0.0 0.0 0.0 0.0 0.0 0.0 0.0 0.0 0.0 0.0 0.0 0.0 0.0 0.0 0.0 
-0.13962665 -0.017453285 -1.064651 -1.6231563 1.4137169 2.0071294 -0.2618066 0.75049096 -1.4311697 -1.9373151 4.101523 1.7627836 0.38397124 1.0646504 0.0 0.0 0.0 0.0 0.0 0.0 0.0 0.0 0.0 0.0 0.0 0.0 0.0 0.0 0.0 0.0 0.0 0.0 0.0 0.0 0.0 0.0 0.0 0.0 0.0 0.0 
-0.13962665 -0.017453285 -1.064651 -1.6231563 1.4137169 2.0071294 -0.2618066 0.75049096 -1.4311697 -1.9373151 4.101523 1.7627836 0.38397124 1.0646504 -0.9599313 -0.122173026 0.0 0.0 0.0 0.0 0.0 0.0 0.0 0.0 0.0 0.0 0.0 0.0 0.0 0.0 0.0 0.0 0.0 0.0 0.0 0.0 0.0 0.0 0.0 0.0 
-0.13962665 -0.017453285 -1.064651 -1.6231563 1.4137169 2.0071294 -0.2618066 0.75049096 -1.4311697 -1.9373151 4.101523 1.7627836 0.38397124 1.0646504 1.1693705 -0.017453276 0.0 0.0 0.0 0.0 0.0 0.0 0.0 0.0 0.0 0.0 0.0 0.0 0.0 0.0 0.0 0.0 0.0 0.0 0.0 0.0 0.0 0.0 0.0 0.0 
-0.13962665 -0.017453285 -1.064651 -1.6231563 1.4137169 2.0071294 -0.2618066 0.75049096 -1.4311697 -1.9373151 4.101523 1.7627836 0.38397124 1.0646504 0.24434578 3.3527613E-8 0.0 0.0 0.0 0.0 0.0 0.0 0.0 0.0 0.0 0.0 0.0 0.0 0.0 0.0 0.0 0.0 0.0 0.0 0.0 0.0 0.0 0.0 0.0 0.0 
-0.13962665 -0.017453285 -1.064651 -1.6231563 1.4137169 2.0071294 -0.2618066 0.75049096 -1.4311697 -1.9373151 4.101523 1.7627836 0.38397124 1.0646504 0.24434578 3.3527613E-8 -0.19198623 -1.5882503 0.0 0.0 0.0 0.0 0.0 0.0 0.0 0.0 0.0 0.0 0.0 0.0 0.0 0.0 0.0 0.0 0.0 0.0 0.0 0.0 0.0 0.0 
-0.13962665 -0.017453285 -1.064651 -1.6231563 1.4137169 2.0071294 -0.2618066 0.75049096 -1.4311697 -1.9373151 4.101523 1.7627836 0.38397124 1.0646504 -1.8325943 3.1939492 -0.19198623 -1.5882503 0.0 0.0 0.0 0.0 0.0 0.0 0.0 0.0 0.0 0.0 0.0 0.0 0.0 0.0 0.0 0.0 0.0 0.0 0.0 0.0 0.0 0.0 
-0.13962665 -0.017453285 -1.064651 -1.6231563 1.4137169 2.0071294 -0.2618066 0.75049096 -1.4311697 -1.9373151 4.101523 1.7627836 0.38397124 1.0646504 0.13962857 0.19198355 -0.19198623 -1.5882503 0.0 0.0 0.0 0.0 0.0 0.0 0.0 0.0 0.0 0.0 0.0 0.0 0.0 0.0 0.0 0.0 0.0 0.0 0.0 0.0 0.0 0.0 
-0.13962665 -0.017453285 -1.064651 -1.6231563 1.4137169 2.0071294 -0.2618066 0.75049096 -1.4311697 -1.9373151 4.101523 1.7627836 0.38397124 1.0646504 0.13962857 0.19198355 -0.19198623 -1.5882503 -2.1293013 1.6755159 -2.9670594 -1.1170107 0.0 0.0 0.0 0.0 0.0 0.0 0.0 0.0 0.0 0.0 0.0 0.0 0.0 0.0 0.0 0.0 0.0 0.0 
-0.13962665 -0.017453285 -1.064651 -1.6231563 1.4137169 2.0071294 -0.2618066 0.75049096 -1.4311697 -1.9373151 4.101523 1.7627836 0.38397124 1.0646504 0.13962857 0.19198355 -0.19198623 -1.5882503 -2.1293013 1.6755159 -2.9670594 -1.1170107 1.9896755 -0.7155849 0.0 0.0 0.0 0.0 0.0 0.0 0.0 0.0 0.0 0.0 0.0 0.0 0.0 0.0 0.0 0.0 
-0.13962665 -0.017453285 -1.064651 -1.6231563 1.4137169 2.0071294 -0.2618066 0.75049096 -1.4311697 -1.9373151 4.101523 1.7627836 0.38397124 1.0646504 0.13962857 0.19198355 -0.19198623 -1.5882503 -2.1293013 1.6755159 -2.9670594 -1.1170107 1.9896755 -0.7155849 1.1868259 -0.19198889 0.0 0.0 0.0 0.0 0.0 0.0 0.0 0.0 0.0 0.0 0.0 0.0 0.0 0.0 
-0.13962665 -0.017453285 -1.064651 -1.6231563 1.4137169 2.0071294 -0.2618066 0.75049096 -1.4311697 -1.9373151 4.101523 1.7627836 0.38397124 1.0646504 0.13962857 0.19198355 -0.19198623 -1.5882503 -2.1293013 1.6755159 -2.9670594 -1.1170107 1.9896755 -0.7155849 1.1868259 -0.19198889 2.5481808 1.7976899 0.0 0.0 0.0 0.0 0.0 0.0 0.0 0.0 0.0 0.0 0.0 0.0 
-0.13962665 -0.017453285 -1.064651 -1.6231563 1.4137169 2.0071294 -0.2618066 0.75049096 -1.4311697 -1.9373151 4.101523 1.7627836 0.38397124 1.0646504 0.13962857 0.19198355 -0.19198623 -1.5882503 -2.1293013 1.6755159 -2.9670594 -1.1170107 1.9896755 -0.7155849 1.1868259 -0.19198889 2.5481808 1.7976899 4.380776 1.7104216 0.0 0.0 0.0 0.0 0.0 0.0 0.0 0.0 0.0 0.0 
-0.13962665 -0.017453285 -1.064651 -1.6231563 1.4137169 2.0071294 -0.2618066 0.75049096 -1.4311697 -1.9373151 4.101523 1.7627836 0.38397124 1.0646504 0.13962857 0.19198355 -0.19198623 -1.5882503 -2.1293013 1.6755159 -2.9670594 -1.1170107 1.9896755 -0.7155849 1.1868259 -0.19198889 2.5481808 1.7976899 5.6025014 6.7195125 0.0 0.0 0.0 0.0 0.0 0.0 0.0 0.0 0.0 0.0 
-0.13962665 -0.017453285 -1.064651 -1.6231563 1.4137169 2.0071294 -0.2618066 0.75049096 -1.4311697 -1.9373151 4.101523 1.7627836 0.38397124 1.0646504 0.13962857 0.19198355 -0.19198623 -1.5882503 -2.1293013 1.6755159 -2.9670594 -1.1170107 1.9896755 -0.7155849 1.1868259 -0.19198889 2.5481808 1.7976899 5.6025014 6.7195125 1.7976896 -0.82030493 0.0 0.0 0.0 0.0 0.0 0.0 0.0 0.0 
-0.13962665 -0.017453285 -1.064651 -1.6231563 1.4137169 2.0071294 -0.2618066 0.75049096 -1.4311697 -1.9373151 4.101523 1.7627836 0.38397124 1.0646504 0.13962857 0.19198355 -0.19198623 -1.5882503 -2.1293013 1.6755159 -2.9670594 -1.1170107 1.9896755 -0.7155849 1.1868259 -0.19198889 2.5481808 1.7976899 5.6025014 6.7195125 1.7976896 -0.82030493 -0.08726646 1.5009835 0.0 0.0 0.0 0.0 0.0 0.0 
-0.13962665 -0.017453285 -1.064651 -1.6231563 1.4137169 2.0071294 -0.2618066 0.75049096 -1.4311697 -1.9373151 4.101523 1.7627836 0.38397124 1.0646504 0.13962857 0.19198355 -0.19198623 -1.5882503 -2.1293013 1.6755159 -2.9670594 -1.1170107 1.9896755 -0.7155849 1.1868259 -0.19198889 2.5481808 1.7976899 5.6025014 6.7195125 1.7976896 -0.82030493 4.066617 1.4486235 0.0 0.0 0.0 0.0 0.0 0.0 
-0.13962665 -0.017453285 -1.064651 -1.6231563 1.4137169 2.0071294 -0.2618066 0.75049096 -1.4311697 -1.9373151 4.101523 1.7627836 0.38397124 1.0646504 0.13962857 0.19198355 -0.19198623 -1.5882503 -2.1293013 1.6755159 -2.9670594 -1.1170107 1.9896755 -0.7155849 1.1868259 -0.19198889 2.5481808 1.7976899 5.6025014 6.7195125 1.7976896 -0.82030493 2.7052608 4.852011 0.0 0.0 0.0 0.0 0.0 0.0 
-0.13962665 -0.017453285 -1.064651 -1.6231563 1.4137169 2.0071294 -0.2618066 0.75049096 -1.4311697 -1.9373151 4.101523 1.7627836 0.38397124 1.0646504 0.13962857 0.19198355 -0.19198623 -1.5882503 -2.1293013 1.6755159 -2.9670594 -1.1170107 1.9896755 -0.7155849 1.1868259 -0.19198889 2.5481808 1.7976899 5.6025014 6.7195125 1.7976896 -0.82030493 2.7052608 4.852011 3.7000992 -0.22689281 0.0 0.0 0.0 0.0 
-0.13962665 -0.017453285 -1.064651 -1.6231563 1.4137169 2.0071294 -0.2618066 0.75049096 -1.4311697 -1.9373151 4.101523 1.7627836 0.38397124 1.0646504 0.13962857 0.19198355 -0.19198623 -1.5882503 -2.1293013 1.6755159 -2.9670594 -1.1170107 1.9896755 -0.7155849 1.1868259 -0.19198889 2.5481808 1.7976899 5.6025014 6.7195125 1.7976896 -0.82030493 2.7052608 4.852011 3.9095385 -1.186824 0.0 0.0 0.0 0.0 
